263.263508
263.289759
263.315977
263.342158
263.368295
263.394382
263.420412
263.446381
263.472282
263.498110
263.523857
263.549519
263.575090
263.600563
263.625933
263.651194
263.676340
263.701366
263.726266
263.751034
263.775664
263.800151
263.824489
263.848672
263.872696
263.896554
263.920242
263.943753
263.967082
263.990224
264.013174
264.035926
264.058476
264.080817
264.102945
264.124856
264.146543
264.168002
264.189227
264.210215
264.230960
264.251458
264.271704
264.291693
264.311420
264.330882
264.350073
264.368989
264.387627
264.405981
264.424047
264.441822
264.459301
264.476480
264.493356
264.509924
264.526181
264.542123
264.557746
264.573047
264.588022
264.602668
264.616981
264.630958
264.644597
264.657893
264.670844
264.683447
264.695698
264.707596
264.719138
264.730320
264.741140
264.751596
264.761686
264.771406
264.780755
264.789731
264.798332
264.806555
264.814399
264.821862
264.828942
264.835638
264.841947
264.847870
264.853404
264.858548
264.863301
264.867661
264.871628
264.875201
264.878380
264.881162
264.883548
264.885538
264.887130
264.888324
264.889120
264.889519
264.889519
