263.257293
263.282106
263.306889
263.331636
263.356342
263.381000
263.405606
263.430153
263.454635
263.479048
263.503386
263.527643
263.551813
263.575892
263.599873
263.623750
263.647520
263.671175
263.694712
263.718123
263.741405
263.764551
263.787556
263.810415
263.833124
263.855676
263.878066
263.900289
263.922341
263.944216
263.965910
263.987416
264.008731
264.029849
264.050765
264.071476
264.091975
264.112259
264.132323
264.152162
264.171771
264.191146
264.210283
264.229177
264.247825
264.266221
264.284361
264.302242
264.319858
264.337208
264.354285
264.371086
264.387608
264.403847
264.419799
264.435460
264.450826
264.465895
264.480663
264.495126
264.509281
264.523125
264.536654
264.549866
264.562758
264.575326
264.587568
264.599480
264.611061
264.622308
264.633217
264.643787
264.654015
264.663898
264.673435
264.682623
264.691461
264.699945
264.708075
264.715848
264.723262
264.730316
264.737009
264.743338
264.749302
264.754901
264.760131
264.764994
264.769486
264.773608
264.777358
264.780735
264.783740
264.786370
264.788625
264.790506
264.792011
264.793140
264.793892
264.794269
264.794269
